Newton's Method (Function 1):

k		x^(i)				f(x^(i))
1		(2.000000, 1.000000)		-8.666667
2		(6.000000, 0.666667)		145.197531
3		(4.400000, 0.444444)		8.266752
4		(3.489094, 0.296296)		-12.621894
5		(3.091224, 0.197531)		-14.684022
6		(3.004131, 0.131687)		-14.749571
7		(3.000009, 0.087791)		-14.749941
8		(3.000000, 0.058528)		-14.749988
9		(3.000000, 0.039018)		-14.749998
10		(3.000000, 0.026012)		-14.750000
11		(3.000000, 0.017342)		-14.750000
12		(3.000000, 0.011561)		-14.750000
13		(3.000000, 0.007707)		-14.750000
14		(3.000000, 0.005138)		-14.750000
15		(3.000000, 0.003425)		-14.750000
16		(3.000000, 0.002284)		-14.750000
17		(3.000000, 0.001522)		-14.750000
18		(3.000000, 0.001015)		-14.750000
19		(3.000000, 0.000677)		-14.750000
20		(3.000000, 0.000451)		-14.750000

Steepest Descent (Function 1):

k		x^(i)				f(x^(i))
1		(2.000000, 1.000000)		-8.666667
2		(2.800000, 0.600000)		-14.341333
3		(3.068800, 0.513600)		-14.644043
4		(2.961781, 0.459408)		-14.694648
5		(3.017947, 0.420624)		-14.716267
6		(2.990768, 0.390856)		-14.726025
7		(3.004548, 0.366972)		-14.731709
8		(2.997710, 0.347204)		-14.735428
9		(3.001141, 0.330462)		-14.738064
10		(2.999428, 0.316027)		-14.740023
11		(3.000286, 0.303402)		-14.741526
12		(2.999857, 0.292230)		-14.742707

Broyden's Method (Function 1):

k		x^(i)				f(x^(i))
1		(2.000000, 1.000000)		-8.666667
2		(-12.000000, 3.000000)		5410.000000
3		(18.784725, 58.437097)		11689364.429310
4		(-42.573861, 16.579081)		917156.404427
5		(-50.161580, 54.350229)		10343125.111892
6		(81.899783, -9.646908)		11053311.232963
7		(-47.254480, -15.916062)		1339202.944924
8		(64.651943, 11.620739)		4283454.719226
9		(-39.845462, 11.486946)		663902.549716
10		(70.314089, -9.358027)		5987918.252283
11		(-55.358044, -8.032130)		2399328.099853
12		(62.642584, 7.091062)		3758445.798648
13		(-50.312549, 3.639483)		1636971.799612
14		(64.603430, -4.099930)		4252627.229452
15		(-55.670921, -1.533230)		2449561.343367
16		(62.173932, 2.319224)		3644031.707652
17		(-54.679834, 0.346454)		2280378.838633
18		(61.403304, -1.096873)		3465434.859394
19		(-56.727104, 0.091893)		2640019.319742
20		(60.472107, 0.456482)		3258502.353854

Newton's Method (Function 2):

k		x^(i)				f(x^(i))
1		(0.200000, 0.400000)		-nan
2		(-0.133333, -0.266667)		-nan
3		(0.028829, 0.057658)		-nan
4		(-0.000242, -0.000483)		-nan
5		(0.000000, 0.000000)		-nan
6		(0.000000, 0.000000)		1.000000
7		(0.000000, 0.000000)		1.000000
8		(0.000000, 0.000000)		1.000000
9		(0.000000, 0.000000)		1.000000
10		(0.000000, 0.000000)		1.000000
11		(0.000000, 0.000000)		1.000000
12		(0.000000, 0.000000)		1.000000
13		(0.000000, 0.000000)		1.000000
14		(0.000000, 0.000000)		1.000000
15		(0.000000, 0.000000)		1.000000
16		(0.000000, 0.000000)		1.000000
17		(0.000000, 0.000000)		1.000000
18		(0.000000, 0.000000)		1.000000
19		(0.000000, 0.000000)		1.000000
20		(0.000000, 0.000000)		1.000000

Steepest Descent (Function 2):

k		x^(i)				f(x^(i))
1		(0.200000, 0.400000)		-nan
2		(0.167251, 0.334502)		-nan
3		(0.138167, 0.276333)		-nan
4		(0.113049, 0.226098)		-nan
5		(0.091839, 0.183677)		-nan
6		(0.074229, 0.148459)		-nan
7		(0.059787, 0.119574)		-nan
8		(0.048041, 0.096083)		-nan
9		(0.038543, 0.077087)		-nan
10		(0.030892, 0.061784)		-nan
11		(0.024743, 0.049486)		-nan
12		(0.019809, 0.039619)		-nan

Broyden's Method (Function 2):

k		x^(i)				f(x^(i))
1		(0.200000, 0.400000)		-nan
2		(-0.072508, 0.254985)		-nan
3		(-0.065561, 0.146294)		-nan
4		(0.042913, 0.016415)		-nan
5		(-0.032713, 0.004255)		-nan
6		(0.033724, 0.000772)		-nan
7		(-0.033476, 0.000181)		-nan
8		(0.033525, 0.000037)		-nan
9		(-0.033514, 0.000008)		-nan
10		(0.033517, 0.000002)		-nan
11		(-0.033516, 0.000000)		-nan
12		(0.033516, 0.000000)		-nan
13		(-0.033516, 0.000000)		-nan
14		(0.033516, 0.000000)		-nan
15		(-0.033516, 0.000000)		-nan
16		(0.033516, 0.000000)		-nan
17		(-0.033516, 0.000000)		-nan
18		(0.033516, 0.000000)		-nan
19		(-0.033516, 0.000000)		-nan
20		(0.033516, 0.000000)		-nan

